0	58	65	44	92	10	42	26	88	86	
58	0	69	11	2	39	10	57	32	5	
65	69	0	13	54	79	100	6	96	98	
44	11	13	0	38	27	90	56	70	50	
92	2	54	38	0	53	5	25	44	57	
10	39	79	27	53	0	80	38	10	14	
42	10	100	90	5	80	0	88	36	53	
26	57	6	56	25	38	88	0	76	44	
88	32	96	70	44	10	36	76	0	14	
86	5	98	50	57	14	53	44	14	0	
